N: 100

P: 15

DIST: [
0 7340 840 296 9379 9857 1036 8331 7649 5805 4985 3313 2461 4550 5903 4431 294 7082 4275 6378 2169 1348 1432 3676 7431 1992 6873 2314 6417 4972 1818 4603 2845 6720 5686 8694 1106 3022 7822 2388 4068 2549 8516 3816 2579 6691 8716 5310 1059 2303 5901 464 7445 7561 7411 1575 5288 1296 2236 9129 1992 3806 4774 9554 7708 910 4508 6717 4918 2864 6335 4079 9278 2994 9319 5649 7355 3322 787 9386 2741 7926 864 8725 9311 2602 3581 5958 7009 9205 1246 8105 7181 7539 3139 9179 5124 2064 7458 3687 
5781 0 5920 9995 5540 1487 1312 2336 9184 9635 991 6238 3520 3325 1107 992 5745 8265 1759 7498 8330 5700 8278 8526 5144 8716 731 7379 1211 7769 675 696 1132 5902 6145 2477 5147 6624 560 8594 1864 5000 2100 4541 1242 9573 124 219 9320 7006 8351 3529 2829 5586 6724 2595 36 7859 453 6837 5099 2874 1804 8773 7922 8227 9046 8607 8016 9645 226 6126 9282 7726 5408 6510 2208 5511 3107 4679 5059 7990 1789 3947 7593 9567 8346 6774 7846 7762 2518 1509 2128 3729 7 1393 5500 6570 8480 8100 
2989 1052 0 6052 9127 8531 5151 693 6927 8449 2878 5271 4091 9437 6407 7152 3405 107 2949 4925 5016 5747 8812 9840 1208 272 7581 8795 5567 1339 7846 5224 717 6678 5889 9855 4811 6258 2131 9145 516 5230 8268 739 4071 4317 7221 8204 6156 9810 4824 3570 3289 7567 704 6706 4251 504 7510 8884 195 7506 2971 8724 2136 4233 6571 5520 4411 1494 6242 404 9978 3554 9526 2371 692 9965 3243 9333 2630 2051 1904 3771 1184 6090 291 9650 2556 7944 5892 3139 1405 2095 5595 9016 6396 2902 2371 607 
4357 3142 5534 0 6355 2387 4818 4948 9707 7532 5382 4591 1143 3032 721 7217 2194 956 588 6174 1028 162 705 539 2681 364 508 7725 7880 7002 8019 1959 5811 4503 6167 1276 682 7124 7766 77 9440 197 2065 252 677 8039 8786 2875 6333 1636 595 1298 14 9760 3062 2260 2244 8157 6981 7129 8302 3190 8293 4941 1934 1016 1435 9107 489 5973 2002 480 2683 902 2175 6270 886 6672 1770 9733 59 4918 992 258 1260 6086 1329 8055 9152 5517 3511 4871 4807 8363 9222 2763 3312 6859 3376 908 
1367 3488 2995 4382 0 4170 4459 1222 1262 7031 114 3586 4073 4283 3659 7825 9040 5433 602 3195 3644 9349 4779 3572 9249 4380 6425 359 4146 8308 4635 2988 110 7920 2398 5330 3889 2759 6969 2462 4207 8771 4755 9612 1098 7982 3875 8674 67 6308 4604 9823 5640 419 9369 8260 6600 8670 9188 4849 2004 1074 6182 5312 6468 976 2585 5568 9875 4652 3971 4575 9462 7272 6451 5301 2625 8890 2461 2844 9251 8501 9100 7748 3001 2506 1864 7511 3276 7115 5228 7037 9995 8581 4454 9437 3289 3088 9642 8056 
2998 3990 8971 7351 5673 0 7982 4027 6465 2467 2829 3343 6760 6611 2874 9421 6831 8563 267 3025 8209 6148 7388 9991 5894 657 5008 5544 837 5132 8525 9758 8436 4558 7911 3786 8053 9961 9079 6098 5962 4602 3000 1584 5296 9953 2465 8603 2149 6418 3188 4158 4442 3511 8570 3241 5032 1969 9090 8333 4266 8062 6636 323 1113 1064 7913 8584 7493 4114 4659 8196 1122 7166 7863 5143 1515 3583 9919 5389 4945 6257 485 3522 3767 7851 9506 7985 1766 627 3352 5961 8808 7728 3493 651 1485 9428 1436 5470 
7614 2840 7944 5580 1918 4341 0 913 3869 400 5896 832 5431 3811 7415 476 3717 2644 5505 1418 1229 6686 7338 4151 5393 9794 5301 5882 5872 49 6257 1654 661 8945 7057 7838 7867 3005 6089 9846 5136 9800 3450 9337 2116 2119 1118 5507 811 6366 9102 4065 1614 4767 8909 4884 6001 6074 8056 908 7331 2521 6163 7502 5060 6187 7274 4528 5787 8805 7984 6989 8700 811 4003 7017 3642 4341 6114 126 2211 2148 9101 1981 6563 113 9969 2739 2290 617 236 544 390 3481 5131 5510 7272 2390 1036 8952 
354 3140 7759 4384 9063 3275 6689 0 5624 4622 1721 3905 3572 1362 670 8004 4012 7756 5631 8444 6494 4218 8163 3807 9373 6290 7383 2462 6393 3568 1805 7774 4841 726 7379 9141 1200 5013 5446 9794 8959 5695 9280 2368 260 3291 8468 4573 1615 9873 8979 7827 7035 1750 5886 7638 2002 9967 9997 255 5268 5040 2613 7584 6850 2010 8232 1607 3342 2249 2211 5500 1096 7366 8368 3737 6811 7331 4831 1572 8851 9728 1221 6894 8467 1235 9506 4129 1396 6064 4017 9712 9487 9677 893 122 3692 6988 9087 1869 
2696 7183 5990 6036 5149 990 4834 3424 0 1174 1701 2394 6616 967 7572 4668 2050 6380 3046 2882 7367 7028 5335 1046 2557 6564 2746 3984 1252 9731 301 3414 1625 6355 1385 3612 4120 1324 7532 6192 1859 8744 302 756 9942 7624 6597 8501 919 3870 6512 4333 5441 3560 1626 7377 1375 424 8008 3358 2693 399 8725 5836 1571 4232 9364 2373 5934 5430 3824 2010 8983 838 1631 6141 1022 9946 2443 3517 1204 5369 3537 2121 7786 6436 9595 2735 5748 2469 5047 5744 8929 3251 7638 1401 6065 1400 1152 8325 
9963 9447 5573 1810 9990 6712 3327 5664 3940 0 6764 4863 6788 3052 2408 2792 2377 7251 7546 9089 7107 4707 5609 5897 9120 3280 2381 8068 8653 1447 1298 4742 4220 8087 55 9111 7981 8976 8773 9484 936 2416 7201 6726 7447 7568 7797 3478 1342 2618 2461 5763 2547 8885 1761 6361 238 1389 3230 4870 7679 6242 54 3702 3734 8091 1912 6118 9017 9477 9068 6380 6352 8917 2034 3073 8871 4767 9740 7732 5320 8347 2318 1115 6989 9015 2268 2149 6422 19 1296 5745 2124 5642 3884 8561 69 4452 7444 627 
4470 878 2998 8088 3774 494 2589 6546 3403 4198 0 7001 1316 8239 2310 448 8844 8947 6712 1133 1054 4089 3466 1464 5572 4755 7600 3019 4878 7748 3157 1003 8631 3211 7386 1192 2528 2380 8938 3738 566 1176 3763 844 9823 9613 3586 2385 718 4579 2341 6505 3932 692 7476 2492 9396 2230 252 2254 9545 3875 3653 4920 8084 3290 5270 4338 8430 6534 1239 454 6010 8881 3440 929 4673 3316 7155 3203 1704 8156 5608 9425 4788 3853 2605 2847 2491 7662 6130 5772 9820 2214 1479 6387 1390 6461 7247 6001 
1528 2796 5477 8191 2062 2010 9738 6526 3565 6662 5517 0 4397 6273 120 7876 9213 7680 9399 6139 9587 9887 5508 3766 7387 163 9601 4897 2761 3610 7316 602 6565 5361 8108 349 5875 671 8559 2276 477 1515 5881 622 9514 5699 1842 510 2689 1144 5485 331 2447 928 9453 7344 6956 5831 7329 5548 1177 3083 5920 5272 9094 2734 2807 6072 8685 341 451 7208 4685 5694 2492 6630 5349 6054 6984 5535 9656 5549 5734 8552 3922 7674 3837 6846 5903 4255 9635 6010 2546 5871 3851 8299 9644 852 1223 601 
8863 5962 9919 4873 7300 4992 2644 7009 3731 9732 9675 8265 0 2060 1325 8992 7817 2069 4852 2840 4237 4853 212 9364 6844 2001 1663 7813 3115 2816 7730 8618 9625 8661 5648 9046 368 3657 6833 5682 6828 595 3300 6952 4717 6086 102 1350 401 3582 3929 4041 5827 2059 6580 3396 5543 6712 4728 6812 249 3321 9249 4488 1607 8189 4084 2367 1037 3889 6897 4244 5140 8471 3458 286 812 7732 1749 3802 9452 4286 3028 8628 5492 8882 8757 4348 3607 9896 897 1361 6269 3168 2726 6991 7205 5121 9850 2336 
314 8285 4835 7551 3135 2755 7900 3012 1154 2797 6285 9301 5703 0 2094 7757 2420 434 5181 5082 5602 1173 7368 7004 1398 8585 3786 4500 6666 5435 1486 709 3958 5343 557 9308 6817 9891 4077 5601 4756 2003 8650 21 9876 3651 860 5782 7441 7854 7548 9590 528 6152 5439 3028 2955 7232 3926 8350 4221 9316 4581 1425 7380 2065 2399 9336 7874 8740 2982 5158 5448 1267 9864 3846 1386 3857 4704 7503 4917 2924 7735 1259 5951 760 9592 5598 7196 703 3087 350 5188 7050 2993 1398 9154 2492 2082 2198 
1161 7822 6848 4044 1176 4197 4971 855 5013 5314 3246 8288 5777 4378 0 8375 5836 1536 7893 5389 988 8581 8340 2430 9735 676 969 8333 5001 4073 7958 8828 4120 7937 3231 5900 8269 2121 479 2812 9271 8683 8550 1569 8530 3436 3295 9044 9449 3052 3926 5956 6023 2735 5977 1272 427 5045 8601 8959 644 4680 4243 6528 5557 6546 3576 7035 4060 3884 9966 9113 6903 2048 6240 721 321 2039 8051 9851 1673 8027 139 2295 597 3527 6307 2008 3356 1246 5293 4139 4949 718 116 6690 7279 3753 2498 2593 
2509 5573 4801 7257 8887 5970 3208 6335 8170 9307 5211 4850 7647 8352 9058 0 2019 7184 5712 522 4832 3420 8364 7422 4246 3108 9346 6767 4442 9204 1654 3939 7793 5863 9337 565 7000 2876 2385 8722 4114 7709 5481 2746 3091 6000 3009 7712 2214 7307 2655 9331 400 7478 2347 102 8538 6447 575 4376 1257 1 6550 6747 1879 5761 1644 6757 3070 7470 1840 7497 5631 495 5963 2920 2735 3867 1098 4472 7109 9888 2672 8444 9193 9640 2787 6100 4781 9685 4475 2730 2467 911 2389 4667 4977 5897 4863 5993 
7597 363 7466 1541 6932 492 6163 2665 3436 1667 8650 6598 2470 5392 2778 1912 0 1287 7665 4371 1537 3164 332 3267 763 8267 8030 867 3256 3569 7172 4401 9021 8816 8528 8822 3518 5046 140 8457 8701 9319 435 3153 9518 5257 5066 7042 6006 6451 3469 9371 8625 3058 8198 9250 5967 364 3846 3997 925 7258 7643 7498 6901 5638 26 3937 266 7412 5552 9621 2039 6924 5773 2132 7607 651 7951 747 7568 5084 9321 8069 4826 5608 931 7887 2239 8773 9400 6897 638 1848 4619 9260 6374 9952 2928 6950 
8984 6694 2115 5091 9400 8867 69 8943 4986 7893 9942 4565 6939 252 972 3785 6877 0 9202 2188 3085 3776 9122 3700 1080 6119 7303 9808 5660 1126 786 3508 6694 4432 6868 8496 4892 6306 3817 6480 7101 808 5336 7141 1137 4850 3867 4225 4361 8394 9343 7558 3432 7655 7885 9101 186 1939 1419 4402 2327 3995 3797 3060 2999 3147 4067 6476 7105 2298 5913 7574 3752 2933 4031 7220 9388 4324 8681 1005 4799 1908 8384 2765 736 8496 2023 615 4245 2404 7212 9856 1685 1926 1409 8852 4848 384 7165 9222 
2235 8490 2485 6681 4172 8583 630 3003 1181 1030 8385 4185 2949 69 7829 2564 9108 4536 0 9184 1310 8699 950 4928 9723 9147 7948 5665 153 2551 3939 324 1714 932 1673 5688 2842 3932 9072 7237 9424 699 8253 5718 1173 6557 9373 9579 1736 5207 3739 5390 1123 2529 5891 3822 9332 7496 457 3097 2112 230 4541 8044 6323 1457 2797 4493 8437 9239 4991 4381 6309 7479 5455 7051 154 6898 974 3363 8366 5412 229 3113 3429 8518 7436 9890 6218 5160 7379 2470 6649 1565 3759 7070 4117 2657 5742 6556 
6733 655 979 1526 8158 851 9201 7151 5756 8837 3474 343 5708 7861 6676 215 7510 4653 6082 0 3436 5315 8510 2007 5704 8842 5736 2077 5529 1557 8159 7256 3198 9295 6797 4606 2660 6800 3036 2668 4802 9774 5663 5152 7 383 1596 7556 1949 3815 4826 8243 5935 6711 4363 7014 98 3082 6980 4470 6099 6378 6439 3000 2358 1303 1773 9900 499 1721 4626 4555 5152 5348 7775 7152 643 5066 659 2923 8371 2487 9657 3807 5408 7239 6817 6216 913 788 6392 7664 7061 2724 4527 6435 2739 3022 7111 6337 
8188 3608 7087 627 8049 1775 9062 3304 5155 5223 7495 9269 6349 4474 6127 2933 8230 898 4658 1160 0 252 5222 2876 4839 2454 3617 957 9359 8132 5300 3535 2713 4186 796 677 7650 1301 8674 1220 4347 5218 2193 5774 3032 1900 7798 3661 1892 6193 2383 108 6301 1320 5498 6724 6410 7491 9136 9644 3946 4394 7352 2741 4894 8427 5857 937 2457 8303 1528 5116 1289 3280 4705 3613 6673 7170 603 9170 5704 3916 3980 4185 6051 9460 5295 9744 1492 6357 354 6667 8581 1828 5269 2566 8848 2062 1009 4018 
9490 2581 8558 3372 3605 134 8316 3649 3553 9742 9395 434 3989 2888 3438 2405 2252 5068 6167 3597 5163 0 164 2926 6450 9583 1614 626 4818 6297 9474 6411 2308 5268 5611 3833 5844 703 1472 1509 5121 7877 3234 50 3692 9288 1775 5507 9299 6048 5313 7466 7814 9425 3530 1277 7887 8521 3836 4624 7267 5918 6339 2705 7583 4747 7216 4684 9502 4109 2586 2337 8299 9211 884 5465 5628 3013 4551 5048 7831 2066 5153 660 7768 6967 8375 8547 1496 6163 6417 5364 2699 354 5514 7036 9053 6337 3139 3579 
8744 4326 7891 4460 9139 5900 9137 5924 8634 7562 6681 4761 2489 8632 6904 2026 3868 766 2031 3061 7967 7237 0 4299 2183 4523 8864 258 3285 6594 3167 7716 7025 6910 4591 7405 5386 454 3100 6680 5245 3098 651 3523 1204 5830 8053 2215 4906 5356 2102 1031 7366 4446 9958 2010 5266 994 2432 4960 9613 6180 7830 7635 6203 2317 7213 6937 1101 7704 7224 4397 8395 8285 9340 3579 2366 7061 8795 5793 4758 7858 7317 9472 6615 673 4663 394 888 6795 3186 9006 225 710 3324 7357 4578 7156 9283 4540 
3938 3061 7429 7577 2884 7079 6792 9052 3441 7226 4813 3858 9354 6563 2336 3483 4187 1666 6777 3023 5766 4324 5932 0 6950 8886 9020 3342 8031 6642 5782 6771 3095 547 6651 5224 9907 5540 4183 3366 4691 1186 3739 5448 7120 155 5624 2560 7964 7302 2953 485 7916 3580 3650 9029 2913 5978 9071 216 7503 4541 345 3186 2478 7811 5086 9419 9580 3401 9964 1443 3235 5230 436 9410 8927 9153 3479 517 7777 4732 5533 7903 6558 2901 3224 4455 6780 8397 1012 6670 5582 225 2150 7638 4195 5356 8930 8390 
9370 9666 1046 1306 1651 7590 7771 2646 4569 27 2862 5341 4490 2847 3081 5372 9358 7478 174 5615 669 2615 7218 9320 0 4649 7586 5569 1435 5473 1903 4859 9739 3405 4342 4968 7692 8909 2102 6177 9586 4855 2586 921 9576 2937 4701 7353 1848 3764 5320 1857 6488 1699 9662 8919 6284 7207 7021 1923 788 491 1009 3571 6533 6825 3260 6316 3454 8914 5554 5234 1584 1227 6487 4448 4617 7058 4367 2668 8960 4730 9833 6522 5779 1972 5873 3233 5529 7687 810 5434 1990 6133 1492 3948 5516 747 5988 3901 
4369 1300 5209 9016 4559 2140 6937 9499 2381 2057 5952 9982 5318 6446 3574 1244 1056 3346 2267 7961 2485 1895 371 8363 6337 0 3618 8460 787 2860 3923 8122 8625 7928 308 8302 5861 5858 7675 7754 8561 4153 2607 2724 3223 453 3597 3156 2278 1218 5076 4729 9120 4991 248 3777 4255 5688 8957 8982 8680 7197 418 6755 3308 1613 4549 6172 8805 8555 6437 4038 8572 924 7331 1109 6052 1332 1312 7829 9565 7182 5344 9753 2875 1574 6396 1550 8059 547 9022 893 9203 2710 5605 623 7904 1534 4967 8897 
1626 2175 8467 2204 2429 9662 1989 7388 7712 2604 3365 9025 6349 2636 2167 1928 5313 3051 9145 4700 9087 2145 1762 2900 9602 117 0 6268 4455 974 9988 760 6198 66 4425 168 7909 5316 2426 7330 3056 9159 4725 5908 7890 7948 3718 4225 8499 3670 4992 97 6061 4522 7779 2502 5464 2352 9480 3893 3628 7401 1606 336 1193 1412 2969 6436 2761 1320 6809 550 3175 6730 933 8652 3146 6655 6534 5381 1314 1281 6414 1308 7774 2962 175 8740 4001 820 2528 278 2751 4697 3287 7003 588 6837 8258 8115 
3099 8934 8437 3786 20 4844 4524 45 2735 800 9596 148 6682 1748 6773 4887 6212 8189 7685 7912 8896 4949 2325 9581 7265 7285 6587 0 4656 8313 3437 284 8795 543 4671 2641 5490 6441 8862 7363 7204 1595 949 47 6715 7114 3829 7485 4943 8108 9115 8582 7365 663 4402 6028 1908 9107 9367 1021 7971 4048 8351 1501 6569 6688 6831 1516 7145 6824 9529 3644 2697 7105 7856 356 1349 3756 5375 9398 6265 9509 3367 5159 5217 2575 368 3522 5740 5431 4950 9598 2290 1758 6537 3957 4658 3338 8158 8223 
6812 6218 3778 4228 6154 625 7889 8508 5251 7354 4421 7806 4391 3687 7361 4071 2804 9821 5334 4188 9899 331 7151 7231 9697 4154 2890 2107 0 3151 9086 4336 3072 2741 104 1420 765 4076 2976 600 8547 2037 632 308 1097 5364 2564 3531 9858 8978 7304 4735 7133 8879 6305 6255 7445 9507 9968 3497 7864 515 5595 4216 9474 6588 9248 2447 498 1496 3664 986 8607 9809 9249 2233 9282 5025 7292 5377 7496 7349 9824 5319 4707 2164 552 3998 2717 3222 3882 7323 5182 8111 7915 8356 7746 8420 1413 8649 
9341 3982 2721 9727 6613 1785 20 6956 5312 8227 9620 4853 1730 5376 101 7350 1978 9690 684 7396 3237 3727 7706 8649 7622 1187 1431 2540 6991 0 6977 1435 6262 3575 5936 330 4744 2614 1907 2271 3077 1501 8165 3768 7240 5868 9721 4465 1723 3468 8998 1500 6900 9078 3141 197 2129 5164 3970 1786 3314 9481 1721 2129 8412 6439 2918 5502 1073 4104 4693 6100 8013 9624 5643 1380 9580 3991 1322 4130 1909 6187 8861 1319 1237 5261 640 9112 6066 2444 2637 8907 2561 194 8109 2443 7043 9480 6047 3388 
9474 3561 1254 1771 6604 3383 5556 5625 8734 3434 6764 3903 6944 9265 3560 3000 4084 5767 1996 3576 9875 3567 5894 5233 5251 5963 3082 6520 5331 4688 0 8081 6340 7811 3017 2894 8498 6093 7242 4663 1569 9577 685 1656 8827 2110 6606 340 9502 160 8050 2455 9199 7827 9219 8198 1002 7071 6600 2491 9500 8774 9388 7601 1464 1868 4760 2414 8590 5500 1286 2235 2625 4021 4543 3026 9893 9605 8943 9641 4438 5617 1068 6442 8419 3209 714 3982 9131 224 2632 8953 162 5133 6830 9613 6764 7517 7906 633 
5991 6466 6914 8823 6805 8805 4333 3378 9377 1362 7061 8231 9250 7492 2400 8072 3627 2335 121 9499 6139 2748 8730 528 4468 47 3475 3290 2064 6583 4813 0 3012 1889 8260 8939 4031 6328 9569 8990 772 7487 2977 3063 5 4140 5053 7281 3824 288 4480 568 9696 4720 2234 5180 8964 7988 8230 6410 8285 8277 5422 6434 6875 8221 3916 5041 4243 5519 799 5807 8989 1870 7936 2542 2227 1157 4580 5992 2920 2278 6204 4074 1554 2847 9648 4750 5719 1707 6996 7944 9765 9178 2826 9068 7757 272 7486 2669 
9489 7331 5552 5513 8507 428 585 3328 488 6659 9577 8745 3707 1478 9277 9137 1620 2921 9666 7502 6521 2644 4540 9601 6384 9395 1396 5232 1570 2610 6770 963 0 4065 9160 1632 2368 7593 9015 5443 7481 2065 7876 2700 1020 5159 1981 6214 4477 8497 2351 2053 3290 7962 3745 9095 8224 1997 6224 9758 6292 4487 8303 8397 6643 6138 3189 8013 5626 7730 5441 3306 1259 3894 2838 7312 3680 5613 1007 9413 4361 8851 8712 6918 7667 765 832 8942 9853 9510 568 5353 8988 7483 5207 3188 4548 7441 99 926 
4041 7318 85 3215 374 3555 4420 774 9789 8305 9399 9984 6388 29 7630 7652 8936 6738 8323 196 6014 7446 9840 6723 3072 6915 2163 1248 4023 2846 4025 4217 1077 0 2674 9890 5415 2339 7006 572 5343 6658 4564 3073 3704 8384 1044 1258 3599 9396 672 4655 949 8757 3082 1187 8828 1069 7006 9207 2957 8845 3175 2078 5105 9323 4002 6636 7328 7408 6724 7465 8566 8852 9922 6377 7132 4673 4011 7611 6800 5141 5889 6953 481 8851 4553 6876 181 3384 7888 3425 9593 7797 5519 7673 2258 3368 1935 6714 
411 9582 4161 8999 6808 6408 8396 4584 6324 6737 8338 1957 8897 1271 3794 3343 4405 5738 4454 7552 7978 1317 2600 655 4435 2718 5559 4527 4376 6911 1541 2352 7985 8295 0 1314 3690 2888 8135 7945 4540 2196 9102 5841 9147 6600 8885 2155 1445 7628 2842 4610 8066 6723 379 9462 882 6186 4896 539 6171 8538 2328 4384 4348 6615 8776 368 9609 9077 8436 7817 8248 5953 9860 9753 293 1590 8683 1109 2530 4187 7656 3018 7636 1376 9562 6600 4609 4979 2924 2808 8446 3655 4817 7555 9364 8014 3848 9450 
2939 460 4392 5422 5712 8279 6183 6572 727 1395 1553 8700 4830 9170 6860 7194 6704 1998 9905 9119 6105 8031 6907 9792 6653 7538 512 9926 9751 9735 5612 9564 8752 5462 925 0 7586 227 8665 7749 7925 4494 5507 5386 9990 4812 3630 3084 8167 9659 4318 3511 6828 704 6052 9271 7002 223 5089 9031 9886 6478 7020 7322 3836 2493 9532 2081 592 4638 5984 1192 4539 6282 5362 3311 5965 5252 9575 2852 8722 7754 7478 8321 3506 6663 5087 7748 5039 3703 8395 4745 3810 9632 1425 5966 6229 1670 4388 6564 
320 4244 7844 4629 6903 447 7416 5720 2119 3789 8305 3075 6299 6722 6989 336 2105 9582 7943 3478 3773 3045 5968 2949 8223 6584 4174 3993 9268 2826 9494 3715 6477 9124 7259 3702 0 2915 8883 5091 2188 9404 4293 7907 1705 8528 4538 310 1818 4928 4552 4411 1733 1245 8359 949 1703 376 7798 1900 3441 5068 5198 1048 8423 467 44 4032 1196 4009 625 4310 1281 9607 8944 4207 3477 3198 214 2126 5363 6973 1263 7705 4599 13 2104 8086 7142 6613 4847 86 897 3550 3419 1428 7334 6367 8923 4164 
8646 91 8300 8080 8956 7909 9357 4022 3599 6784 4642 4113 4651 1138 5904 6157 4712 3362 4887 713 1747 3429 2794 9500 3191 2838 7116 620 3081 8540 9593 4914 551 9177 7175 6576 3464 0 2305 258 3066 5820 3991 3728 1727 4816 648 2015 8330 5550 9794 3295 4811 4254 5883 4153 8331 1154 405 9927 2397 761 2862 4446 2509 372 6015 9183 1309 9440 7377 1454 822 2398 2356 4805 4450 7814 9450 4148 9124 9903 6368 9869 486 8901 9985 3180 6906 4657 2335 4249 7328 8736 8650 470 8364 1433 9303 2417 
4326 7039 5897 3609 2669 512 3254 9348 4267 5160 2987 8164 1092 9603 9621 1122 500 1497 1306 8551 600 6594 2793 1735 6571 5357 8793 2930 8626 9014 9900 2676 9386 6186 6209 8736 9675 6497 0 9756 7316 1478 633 7521 1031 2723 8508 675 4063 6523 9270 5721 9394 7827 3635 3229 7281 8187 9011 3265 4 3625 277 4906 2915 7183 7856 6080 8028 957 1536 996 1742 3181 4786 9099 1462 630 9220 5017 4660 5930 9036 6122 2934 4984 9700 96 9927 8928 2206 7180 6826 7349 2468 8630 5946 8202 6024 3510 
929 7809 1421 9711 686 2965 7460 3606 7582 9781 5234 3683 1132 1194 7814 507 4960 3284 2123 944 1524 390 6838 10 5055 603 6015 5523 5603 8378 8361 5763 580 9105 3762 2949 3559 6077 2440 0 4600 6296 7162 6526 6062 7312 2795 2 4215 9732 5976 9924 1381 5892 1399 8463 7759 3769 7321 2276 9093 2311 1529 6945 5610 2435 6386 2183 1602 5588 852 5137 7275 2863 9076 5722 1768 6224 6110 8413 3732 1564 3338 3657 7454 9374 6732 9143 2689 2596 3143 4106 4352 4224 1865 5925 3948 1785 7290 6998 
1378 5649 5934 5556 3137 2722 8729 9478 9158 2678 8317 4263 1079 4925 5385 553 2698 1131 8312 5496 3835 7722 8113 8785 1575 6775 4650 7402 5442 7523 6541 5201 2492 8939 6307 2729 1932 7562 4427 9011 0 1844 7200 5520 4119 9695 9120 6365 5333 9038 5837 7179 6597 4722 1166 9480 7635 2292 6158 9438 6276 8602 7840 9309 6267 1457 1171 3490 5256 3174 491 1851 4870 9181 6638 4249 5829 6371 4902 7797 6935 1308 4909 1508 9261 170 766 976 5512 6803 9955 6046 1433 5143 5263 797 6183 1794 8944 4888 
2420 233 7262 7699 7892 9135 4333 302 6298 8670 5392 913 4458 3614 942 263 6842 7720 3238 9156 131 6901 763 8506 3051 9229 8155 3185 8423 2592 8692 9789 3752 3453 5173 809 911 8844 7828 4484 2517 0 7412 8510 2558 3757 598 8028 4304 251 1131 3610 1941 338 9813 7293 571 3682 7552 8109 7863 6344 5188 1552 4498 440 7106 2680 7086 9448 805 7253 5070 8086 4358 4545 4192 812 4448 5837 7570 1704 2254 9758 7527 6973 2117 8644 591 5310 1892 5909 3072 3359 3827 2472 6772 1517 3619 8204 
2231 76 4284 6802 4984 6055 5216 4411 9560 3738 2599 6675 9389 4701 8861 9555 7480 7926 7388 5221 9654 9273 3694 3365 1052 4667 3222 4939 7880 9472 8638 6608 4136 9964 6503 1864 3133 8956 7159 628 5812 2140 0 4253 2017 2387 6160 3944 25 5744 3992 5728 6265 1801 5417 6839 6099 1746 2845 9245 7488 7315 4169 527 8645 8089 978 3854 9904 6190 2133 387 9200 9775 8540 9513 3027 8464 3969 5190 9085 661 7641 7063 1453 7784 458 9578 2516 463 8505 9787 6804 1146 8444 8470 174 4347 2037 3300 
8678 9890 2108 2052 4371 5023 6527 7008 7552 1367 3541 7314 6339 588 2575 5253 3917 5871 1599 520 3182 621 8063 984 8707 3689 3764 6287 5364 8472 7620 8463 1652 8903 8713 7601 9584 781 2447 993 8084 5265 2605 0 1877 2428 5640 2628 6647 7294 9429 3804 6208 9319 866 6415 8985 7748 2063 7186 6169 1564 1086 6087 9540 8408 5848 8783 6105 4644 3886 1753 2155 1731 3961 5830 4550 8620 1520 2991 624 3753 4048 7666 3470 6525 5058 8651 5382 6782 8440 2760 5040 7868 7091 723 7390 8801 5303 941 
7642 2017 2654 8347 1685 7367 4691 7030 5262 827 1868 3009 9297 3301 4636 7563 5589 792 7315 4410 9557 6875 9584 6282 6790 9174 1381 7532 19 8424 1653 872 9420 3639 3311 9097 6385 5259 7379 3685 505 6668 99 7683 0 190 6683 2839 2568 1517 2144 3721 4410 5908 2561 3159 5162 3301 6522 8793 1835 9497 6315 2430 8166 2296 8476 5551 2916 8791 2880 8487 1359 8052 4687 3915 4039 7588 8702 6902 7835 7264 9602 1774 8938 5516 9502 6739 4877 2984 5284 428 7347 4754 6852 8146 548 4996 9273 8318 
3448 8234 9932 8655 2646 1122 1833 5102 8502 7389 3507 3380 629 2646 3308 5899 7323 1930 537 6912 290 7257 9938 4005 8269 116 6536 6939 3702 7772 795 4229 1281 7829 5576 6447 2082 452 9079 5136 1488 4590 3502 5396 6315 0 3355 7137 5920 495 1705 4243 6590 5064 2098 7322 5062 3158 9282 8651 8436 4005 1268 5584 7201 7479 2308 3250 5509 7327 1498 8300 4419 3644 4500 5581 8923 9378 4857 6280 1679 3892 6124 2406 1418 5174 5776 5562 3045 1054 6649 8707 6481 1437 3099 8844 2433 5681 2100 4267 
3848 3610 4808 416 6839 8845 2261 6123 8161 3721 1898 7344 3070 2460 7568 7390 6117 7755 7144 2614 3972 8466 4256 9281 9461 9293 255 1369 4362 4738 5089 415 7554 3284 287 5175 3332 7967 8423 3801 4915 2155 8962 9843 6225 8027 0 1942 3579 5350 3469 7432 4472 2185 3147 1577 2557 7246 8046 3575 7160 6114 5807 6786 1221 2820 1960 6486 5408 5893 6339 2040 2221 5619 3240 9866 4206 6477 8599 7765 8329 361 3536 9045 8512 4050 4395 4514 1410 4676 3697 8879 679 4865 145 3703 7291 876 9821 2570 
5949 4613 8278 6142 8167 5296 4120 7464 1322 3806 8357 9855 9498 9477 8029 3195 5813 3534 1218 8960 2779 5539 4332 8807 6307 6935 2337 9070 6333 8512 931 6022 6402 1568 2209 7016 3431 3149 9715 17 8917 2203 7433 1056 6583 5635 2858 0 5481 399 6202 3601 8517 9521 9038 7601 9717 5850 3505 1363 6519 7985 1846 4666 830 3383 379 6105 9006 1007 1137 4876 2361 2885 8709 7837 7410 9961 7283 8680 1295 57 2085 7338 4776 5407 6021 3300 3421 6823 3175 3720 9947 9070 3236 8004 4363 4440 4164 6059 
5352 1101 6033 2733 7056 55 153 8015 7608 3022 3842 6988 104 325 8032 8482 707 8390 9841 4598 3619 8424 3385 6191 5135 8213 9788 3789 1468 9292 4379 7315 3067 7395 7856 451 8949 2356 1429 7176 3131 8901 2940 3011 1771 3889 9313 2475 0 5000 4358 6265 7074 3623 5207 920 5812 7778 2702 8058 6129 6864 4950 6585 8392 3293 8276 890 710 219 7345 5355 2754 7187 8833 883 2675 7363 5426 265 4921 6562 768 8747 9261 2737 2146 880 8391 7800 8104 1489 1812 4396 7496 8107 15 7046 2687 5772 
3336 7813 8179 7468 5766 1629 7507 3368 6173 2946 95 900 1679 9062 8767 4937 3743 1339 5931 2321 7805 490 4547 8940 5560 8578 9431 5297 5654 243 3120 6827 1158 6318 2910 8903 5042 2675 8570 3451 2829 3016 1844 3799 6259 6526 7999 9360 5589 0 4159 8529 4286 4586 1623 9677 9684 3596 7447 6812 8738 1 3355 8084 3506 667 283 3669 9838 843 8901 1956 1382 3286 3431 3785 2443 575 6308 6156 8394 7527 5853 2678 5415 1553 6726 3316 6300 8277 1027 1694 4605 6576 2232 1786 2195 9819 7308 9615 
8547 4535 9556 4879 9941 2624 622 5641 3977 2599 3091 4708 7553 3685 875 1149 336 6982 2696 1960 4457 7589 7700 2091 9875 1106 9811 9887 4032 7291 3792 611 9556 6000 572 6727 5623 1424 7621 6564 648 2501 1630 4728 8765 9938 3311 5646 3017 4760 0 1201 6202 8309 1437 6090 415 1848 7230 4314 7927 5027 2069 8565 9057 772 3673 9400 9057 4552 4430 9142 1764 6770 9540 7696 1654 94 2691 1983 5786 677 2638 8519 5282 8825 3239 8480 2461 4281 2128 1629 5608 4606 9554 6943 3881 3582 5342 634 
2657 2972 6504 7924 4612 389 4317 8553 8413 4635 8368 6354 8339 6626 6680 8123 4062 1904 4321 8497 574 6760 7558 2583 6270 7050 670 9583 540 4664 9956 6766 8242 2406 6990 1649 7894 1939 7603 1694 606 8967 758 2226 1783 7138 7375 8797 4607 6541 9051 0 6412 7907 641 8950 1887 5737 8568 9472 7245 9857 1052 7109 5779 4949 1749 9229 9390 1884 4081 2828 3724 8336 3098 1995 6072 8310 5919 8648 2757 3393 5838 8284 8421 1880 6342 817 4786 5044 4465 5953 6562 1160 156 6610 7244 1154 3752 7195 
9340 3585 6277 5245 4934 6821 5428 5892 384 9879 2814 5253 6059 9537 5025 6669 6580 3969 9306 7417 480 8745 9924 42 8521 5517 1953 8177 1360 5912 8695 3071 1522 2824 6384 5026 3510 8334 4595 6212 5791 1198 4370 3208 6456 1024 5675 9927 9210 490 6828 9507 0 4411 8547 1942 5198 4831 9189 9512 4092 71 1537 2634 511 3761 5041 2609 6719 752 4139 9511 9868 426 9316 3531 6151 3351 8664 9282 3624 4974 370 8796 1797 4359 3556 1400 9932 6343 3866 8515 8123 3492 8124 9901 7672 2602 3825 9021 
3899 4825 6466 5976 2740 282 6102 5083 963 3851 7814 1414 5180 942 3356 3818 5753 3390 5079 6623 5309 3310 2031 905 4903 5207 4235 4239 3906 9845 9480 3483 3929 7988 6478 5319 2202 7452 3841 4247 8370 6652 2717 2269 8842 4473 161 9463 8862 8584 1043 9776 9937 0 9745 9881 6409 4217 2691 321 9977 410 8734 2962 2157 4166 4960 2646 7266 3291 8788 6832 8589 9642 1619 2177 9276 2690 9256 8473 5344 3119 8966 538 2762 3631 1526 2873 7266 7268 7747 442 7764 2979 1972 3836 2407 9953 2172 1952 
6831 4313 622 2201 6552 5000 4363 8535 9482 9433 5316 2756 9429 6854 5886 7189 9760 9227 641 1071 7668 5185 3755 5959 200 3138 5371 8180 4576 8471 2544 7265 4628 5870 8827 6241 8229 7439 1075 6771 3474 3275 2372 218 2506 6928 4256 4784 8795 396 835 2521 7284 9556 0 2414 3408 3174 6882 2762 6239 1035 7244 1859 1467 6197 8649 7804 934 2273 5273 6180 7340 1322 9530 34 9583 1084 9512 389 9383 6721 1753 2511 1564 8811 845 8281 292 4130 4743 5902 2966 51 2540 7306 355 8375 8452 8977 
2751 6989 9382 3641 4071 4807 811 6838 3961 1671 1540 9872 7413 4125 3520 4187 4417 8385 6592 8362 6147 4540 7087 2994 2439 1615 4633 4445 3320 9767 485 1071 7379 3018 1641 9646 761 2660 4555 1789 3485 3261 1466 155 5863 3330 294 1250 9704 6406 134 2847 5059 6635 4096 0 6484 9726 6180 678 3532 6035 36 5994 4164 6636 5712 4020 1355 3372 1278 5488 5898 1369 8786 1917 8019 1817 668 5273 2834 8084 7210 8538 7842 8013 7388 5548 5528 3564 7968 2478 1803 1666 4497 762 9523 7501 718 8217 
280 6751 8988 2973 3000 2786 2840 1064 5323 9251 5253 7950 7011 1118 2068 560 7779 6296 4492 4550 9325 1796 1635 7755 5501 3198 6260 3803 8574 3449 8319 2525 8757 2962 6667 5692 822 1135 1473 8875 416 8255 4709 7839 4869 9218 7842 642 7524 5065 9188 8383 490 2665 9017 4020 0 2583 716 8270 1828 462 8105 7783 8776 6356 1711 8865 8107 5525 2116 7780 2389 6525 5072 4503 6127 3839 9462 3639 6399 6770 1186 9530 6136 60 8375 3204 6388 3216 249 2185 8420 8746 5827 747 5305 7646 3626 6660 
9407 69 6949 8517 6055 5905 733 5020 9037 7544 2833 9334 7448 4919 2622 5850 5695 8655 1472 6507 7816 8474 3240 6424 1016 6711 5026 7073 6072 2774 6888 4390 9739 2253 3833 5777 3098 490 2936 1600 3914 5503 7286 187 8391 6325 9809 3867 156 5772 3676 8022 1083 7232 4845 7810 8505 0 1884 3964 3210 4219 2457 958 930 3403 9084 4522 8453 9684 1683 2332 2425 3302 183 6819 8885 8372 4967 702 378 9308 4768 1316 6311 5896 3675 7797 3782 4625 9992 7285 6545 7351 5938 5349 1605 9758 1096 6567 
5340 790 3105 9737 7912 2875 7300 192 3401 8566 7149 3484 8739 4616 987 2989 211 2163 7753 9045 7550 465 8091 1796 4744 5240 7918 2390 1972 3165 5961 5872 7239 5055 6933 9375 8555 2762 3805 979 8664 6448 3914 9028 517 9322 6900 5583 9924 8791 4221 3700 8583 5611 4697 8393 5429 3521 0 5812 2557 3559 8860 4100 9299 7448 6637 4970 1030 2273 3548 1166 190 9777 7782 4681 5189 7618 681 2483 7572 6390 7427 3009 7314 4068 1271 8775 2551 6641 2831 1831 6080 699 9671 3849 3628 8836 9136 5356 
6712 4607 3436 6237 9709 9200 3464 4427 6639 6024 7344 2092 9642 8771 1501 4096 5123 649 5313 1108 3263 5236 2190 2834 1746 6079 7104 1758 1436 3365 2148 3071 6230 5651 3042 616 4743 6574 9246 7615 253 8452 1561 1967 7395 4260 7797 9225 4558 1844 5758 3629 9160 9730 1679 4095 6731 3121 3111 0 9411 6977 8393 6313 9359 6956 5027 3730 7559 4002 3646 3535 8163 6634 3595 1284 4634 9873 1537 591 1875 5730 5336 520 1184 310 734 5709 5583 6460 7679 1070 4775 1493 4761 3753 2777 6410 406 1481 
6076 7776 763 8923 7734 61 6523 9072 7274 1074 4497 6804 9820 6603 3211 5861 4076 6781 879 6039 5220 2328 3284 1359 3254 7604 5695 2382 7674 5481 5352 4355 8421 689 6497 6590 3243 6268 1935 8941 1714 5950 1416 6091 5546 3005 5980 9344 5205 2015 1861 2718 6717 3009 829 4025 2566 94 4203 9713 0 3630 3556 7654 2654 5866 8221 3818 3212 9908 5517 997 7130 9157 8486 8037 2463 7111 2961 2314 5097 9907 6352 5465 9740 4324 8923 5595 7548 3439 351 4532 6116 9397 6219 9730 5808 9046 2280 6154 
7509 8168 5199 9810 6000 5646 4818 447 2231 4555 1821 3555 9187 2780 5944 3157 2199 5352 9005 164 6456 9033 4620 5635 1104 1639 1571 2836 6528 2853 558 3104 3781 1640 3596 994 4601 5742 6551 2478 8310 3310 9046 5229 4295 8891 2847 8249 889 1320 223 2595 4624 4971 6332 7718 1214 6682 878 6035 9881 0 3153 5157 357 8828 2877 4581 2383 4621 1314 3809 7749 1442 4331 760 7580 3449 1688 9355 5921 546 9575 4367 1245 4133 2349 7108 965 5894 8704 1938 3783 8810 6173 7131 6409 8108 3513 3740 
9814 6314 6088 6470 4491 3687 3826 9452 5555 6546 1356 4384 2835 6572 1538 1474 2305 5174 8682 913 5113 5413 3524 1443 4283 4944 6257 407 3423 9159 4311 9160 8987 5106 9129 6087 6742 2004 3943 5973 129 2115 3525 7068 7798 174 7463 1836 7852 8223 6581 9944 9614 2840 3110 2492 407 8857 5599 6677 9525 6775 0 468 4665 9573 8810 7178 8396 9846 7104 9780 2958 1041 6058 1231 5949 5376 7352 8068 2391 851 2431 1968 9018 8855 7673 3322 4172 8467 7430 3720 8664 3247 6176 3459 1189 6061 8910 4388 
7277 3649 7272 7989 1535 3714 3269 1804 4553 576 2728 9088 587 6455 627 9916 4386 2558 563 9057 6622 987 736 8561 7190 7647 9259 5515 567 6707 1908 6585 7888 5416 3888 8044 5741 4094 1935 767 4667 6257 1595 3532 3967 1481 6939 3932 7177 7354 4587 463 800 743 4664 8658 8880 4214 6677 8634 8743 5833 3885 0 5844 8601 5315 7300 4215 4985 3550 6142 7984 9397 3776 8711 49 7442 8797 381 4859 9613 6289 2047 793 2268 4871 9377 4969 1780 1093 1838 4803 4633 3741 2438 313 8574 4840 5992 
8574 8875 1 4049 2113 212 1031 3700 6103 213 6357 8336 8210 8973 78 1075 9199 8529 6401 5477 2314 8571 5052 305 7677 3009 9832 9425 4204 7855 3278 1770 9088 5101 6781 324 8429 2844 318 2666 8317 2631 8719 7589 3573 9592 4426 9128 5455 8935 2000 6764 3860 1114 2111 6822 7532 8586 1154 4201 1623 2405 3055 7813 0 3204 926 3362 6600 9881 6471 5760 5087 7346 7215 6855 6532 9294 8515 9682 9207 4055 7462 902 8742 9747 7965 1175 8585 2966 8667 8868 4611 7179 6946 7557 4809 1569 2095 8780 
9919 2510 1698 4824 7004 6873 3705 2053 5440 2899 8062 3914 1796 8824 7743 3343 3191 8233 8893 6443 9826 428 2742 8504 9272 8389 7232 7879 4609 1831 9377 6452 4215 1220 7527 5220 759 8341 8019 8464 9003 9757 8038 5056 6595 7145 4192 5342 7442 1597 1966 5017 165 754 15 9774 8021 9480 3157 735 1467 3749 8212 9912 3335 0 4836 4643 358 5381 4253 4498 1180 233 3162 5120 9554 1284 6721 9301 3626 6853 8526 46 6049 5099 3087 7943 5953 459 8216 2135 3017 4285 3047 8849 1542 3235 3182 1160 
7595 662 4633 639 9562 5546 3775 956 5184 9315 6679 7340 350 3352 6821 380 2844 166 3478 2359 860 1421 5677 2329 7570 6799 1876 2415 5356 1409 8474 353 706 1558 1994 2977 2599 7574 3134 6841 5071 1614 7342 7658 3942 3065 1508 4515 6874 4223 6936 1133 5920 9962 7977 1856 4415 3762 9808 8714 6499 2048 2799 8493 637 9057 0 3778 7409 1329 7574 4458 8762 1081 9494 6165 4988 2210 7985 460 636 4061 6709 1872 8476 8216 5086 3300 6396 8000 38 5428 5547 5360 3788 3466 9267 5065 8993 9858 
1461 7272 3619 8030 6355 7655 4818 4328 2861 5141 2866 2907 7714 4271 1206 9225 3638 4748 6668 6206 4127 2175 276 7550 3325 3285 8602 6960 8285 558 2570 7827 9076 4092 6784 6607 6876 8660 7470 4875 8388 7946 4922 3626 1785 8281 5403 2856 6113 6290 7475 4614 5683 5996 3681 2162 752 2033 8859 6947 7901 2587 8515 600 8917 6855 5431 0 9976 3393 2430 4075 2055 1074 8498 8326 6047 3281 1005 3296 6066 9950 9688 6514 7152 2037 8072 1146 584 7961 6603 1653 5760 9503 7567 735 4123 3933 70 8573 
3264 7668 9521 3511 8913 7914 7957 2776 8791 8753 1425 2922 5406 8038 7193 3732 4994 9442 4545 790 9853 7775 6138 564 8806 5383 1291 153 9984 6184 3773 19 6128 6937 7911 5978 4325 4170 5907 3568 5677 9245 4019 9251 543 8079 1964 6228 824 5968 5434 7187 123 7890 152 3130 1543 1792 228 8415 724 8474 1953 7668 8290 9992 9568 9828 0 7291 1885 8986 2920 2819 7756 106 7136 3382 5227 7166 1742 8379 29 5958 9599 1920 7504 5496 4851 3958 6324 4483 1442 4981 5071 5528 4039 2808 1739 4417 
288 8984 9322 8493 2163 2466 6914 1009 9366 3781 2459 2968 3316 9231 1619 9892 8136 4587 4469 6458 4853 3577 4237 7077 5257 8379 7435 7686 3825 5900 7336 3846 7504 7808 7263 616 3238 7426 2965 2134 7740 4664 8627 9011 2472 9093 7492 1818 3771 2958 5259 9607 5899 8613 7150 7521 2473 3063 8633 6763 2446 4271 3551 7250 3730 4994 3676 5963 5293 0 1528 4164 2909 8628 2996 5221 630 8674 587 315 6313 2460 800 9423 1937 8899 8618 6508 1290 3200 2105 8227 7213 8176 6151 4167 1532 8885 7678 8317 
6946 7669 9581 9919 6836 1999 8498 4990 8063 8846 6919 249 5783 8668 1202 5435 2349 8500 171 1763 6119 254 6453 1842 2674 2430 479 3319 1901 3751 7823 6725 5805 6364 1752 8912 461 700 8156 2289 3128 6136 1809 5518 9019 6429 7157 9272 4050 7821 4068 5290 3603 8271 2186 3678 793 8504 2450 7015 108 6570 3460 7547 7655 2729 265 4502 7842 9248 0 6802 8755 1098 8727 3839 1825 6758 8137 2429 3569 4165 5678 6403 752 7326 5533 6132 6728 9919 4350 4726 2001 7358 4021 2245 8751 3060 1756 2927 
9588 9469 2066 4844 3151 3670 5123 2391 9691 5348 718 9179 8546 4997 6812 5634 223 5356 8615 6190 113 8338 3062 9947 1683 195 6497 3224 9924 227 117 395 9946 5819 1033 9534 3104 9585 8926 7648 1076 4105 9256 5211 9825 6287 7045 7140 6874 3818 5570 9355 255 9370 6888 6045 8532 5257 4337 8955 2326 5313 5857 2015 4375 6935 7396 9721 1623 703 9748 0 1610 5741 3751 588 8781 170 3457 3066 6911 3700 3375 4492 842 7523 7957 7519 7671 5510 9332 8796 2796 1582 1980 4783 8774 8271 5074 5110 
7291 5358 1598 3564 254 7196 8551 3497 5243 8927 4987 6861 6424 5845 1449 1879 3012 4342 9379 9704 7686 3632 2908 5167 451 6075 596 7655 6800 1593 2218 4348 1659 9748 8176 1809 4267 6872 5896 3962 6946 9693 8221 1791 4842 1185 7363 8324 4051 9848 7307 9896 9786 359 2461 3835 1572 8285 1354 5875 2549 9371 4563 3239 5183 9951 3249 6887 9015 3794 9222 1781 0 9220 7985 7144 7857 5175 8290 8340 551 7919 6071 3769 9611 4040 9499 1627 1231 146 4573 6565 6987 7917 5043 4994 929 1832 2939 7513 
7368 9598 5718 544 8203 1254 4655 5583 1129 1028 9860 2343 4202 9248 579 2155 2981 245 4788 6692 7416 7886 4306 5382 1708 5388 9198 3842 9349 5068 671 1744 7089 5297 9801 736 6156 2601 8152 8227 7418 6532 6866 6090 1448 9190 6567 4965 5545 2052 2936 4658 1322 1398 2661 5505 6167 1069 2156 3252 9122 3335 385 5971 5602 2104 6653 4880 3103 5652 4514 940 8056 0 8168 7782 9388 5123 7250 5219 3269 322 1245 88 9653 7218 7459 7731 7182 8592 1101 5480 1907 137 4702 6030 3326 8511 8733 3804 
1747 9782 5930 9141 4327 4299 2649 5481 6503 2121 9050 4974 5460 1662 1350 4854 8260 5044 5699 3319 2174 8797 5503 2716 9258 2264 1718 2187 6365 7872 7057 5833 1668 2884 7517 9881 2431 7357 5552 5251 3970 7715 4692 7280 5117 6240 8911 9633 6183 7798 7846 3638 5506 7255 1321 3855 5285 6172 7748 9949 3676 3610 3801 9772 2456 4158 4979 3574 6794 7566 2019 1252 7419 9045 0 7167 3003 3961 3373 1155 6129 7965 5817 2167 9323 4169 620 7715 6834 5939 6799 5186 4220 7235 1393 2859 6935 2961 8235 2663 
3555 5222 6987 7050 888 164 6295 4213 1909 7017 5753 7906 1823 3744 148 2196 1364 8765 9928 4579 3974 6766 1225 3783 1087 9200 881 5634 6488 7621 8760 1911 794 1963 9098 4280 8448 4787 8146 1028 3466 4152 8880 8760 9936 2576 4911 8434 4175 8451 759 904 8635 8721 3443 6655 1913 5669 872 2076 381 7465 5465 4515 1284 1621 8577 4315 4592 7337 3756 1886 7921 507 451 0 8573 9208 2115 1394 9829 341 8681 4432 6870 9866 1904 8547 337 8614 9718 4254 2077 4925 4678 5396 1709 312 9989 2627 
5747 8454 3059 4381 9351 711 5628 3855 8570 3614 7666 3803 2363 2595 1892 9369 8146 9083 4042 250 2626 5453 1305 5122 8342 9360 3046 2207 3827 9344 2775 3837 6341 2154 6086 7590 8828 8714 384 484 544 1491 9824 4734 7626 9514 3418 1139 8449 4613 4717 8443 6826 3742 7544 148 7598 2610 4004 2863 6509 8640 683 4964 6105 2498 7487 2062 6642 3813 7432 4655 6979 4125 2369 3237 0 9918 3399 4046 4547 185 1307 3394 1383 5391 7465 5427 9300 7771 4354 8122 1387 3375 4800 5196 3460 3710 3746 5827 
4600 8981 3939 9682 3908 7104 5412 3807 9429 14 7468 2186 2055 8305 709 2777 8611 2853 2199 5232 787 8989 2288 5155 1519 4887 6716 1627 279 7952 6929 8822 5515 4377 4593 9232 9283 3226 8485 9389 3749 4944 324 7523 9661 463 9628 9362 5516 6792 3992 4138 350 2162 8893 8132 6150 24 5902 8332 8164 221 2133 9717 6136 3938 3980 5449 6829 9047 9012 1718 7785 3117 4310 8662 8305 0 4593 1594 2534 4475 3638 1402 6478 4238 1093 5944 5314 1050 2380 6421 8138 7549 422 4782 3651 3852 5081 4432 
8338 9313 3369 7239 5880 8030 3934 2808 1035 3844 6954 7227 2597 702 379 9532 5530 1328 8665 9892 2202 995 1070 4690 8559 6977 2045 3997 5931 4543 1391 19 7723 5670 460 8722 5627 5611 1145 6148 3669 8487 8248 1811 9299 210 1250 6884 8132 7972 9112 7574 4402 5761 7105 3499 1521 2873 1966 7703 838 8496 7719 7631 2350 3402 5142 9576 2424 1931 8605 5211 3652 4233 8473 6752 4355 5709 0 9445 373 8376 891 885 4075 710 9768 2632 2034 3942 8875 1843 3285 7065 913 5810 3417 8566 7485 4465 
8155 4577 1290 6569 2399 9102 4205 1800 2965 3202 6774 7729 9427 2811 3079 8150 186 2 6891 7234 4850 910 931 1542 5986 5166 9749 204 7314 3444 3748 6803 549 9156 5997 9634 3030 2459 1512 9919 2842 6778 6594 214 2365 881 2087 3072 3154 2356 4281 5541 4399 257 2465 7156 4547 8213 6969 2006 115 8077 6304 9798 8577 9286 5838 1871 5438 8904 9733 6753 9097 9148 3865 2394 5406 2322 4013 0 5648 7960 1828 38 7036 8458 7734 4958 5703 9760 9528 9978 4806 4426 3184 3909 9154 9226 4000 9787 
3240 7592 870 5148 6536 9122 1372 1273 7991 3934 2824 6933 6416 5551 5158 3496 5079 3180 1715 3970 5153 343 1886 2152 1978 2853 396 4233 6532 1329 8359 2826 467 3161 7815 2968 7702 1345 7281 4768 9144 4460 4483 1293 976 5179 1550 8607 8594 7523 9451 4763 7662 436 4514 9589 6821 8952 5930 7648 3657 5428 8088 2029 1154 4528 5083 7703 1643 2582 1516 8689 5532 2847 1229 285 9136 7983 7520 2278 0 9369 6128 7977 2248 6575 9943 9915 6894 5105 3917 4884 670 8216 9954 9206 1713 2568 9317 7914 
4617 9388 5490 8771 3666 6296 2922 157 4418 1813 5819 6197 8291 6190 3936 217 7137 5302 91 5908 8391 3242 6835 6452 7976 95 4918 33 620 5613 6958 8215 5826 2811 8181 7101 5073 2377 2020 9827 6602 4971 5738 8601 4098 8787 8077 9485 2174 9201 4046 2666 9999 9335 9313 5075 2813 9959 4642 6160 4128 4338 215 317 8826 5266 7339 8374 9066 4137 1232 7570 8565 5750 9153 2639 5978 2379 270 268 9378 0 9267 2937 9956 3674 3173 1346 2646 3935 7634 5093 821 8161 6184 6764 1934 5783 4277 2115 
6740 8108 3178 602 4813 1315 74 7531 4926 2094 6189 7624 3888 4098 9952 3411 6978 8292 1691 5732 4132 1661 5415 6062 7874 2930 6410 449 1531 2077 6949 2942 7618 6189 2231 9011 6126 3637 7381 5721 4256 1562 7980 7968 1312 4022 674 6819 1154 9947 2425 1353 2575 4017 6157 6662 6249 85 2412 9643 4161 6025 118 1582 3890 5012 7286 9084 5728 33 1939 9843 9576 8066 1824 7486 69 5734 3747 8908 4540 8627 0 7114 1014 6998 7340 3307 4342 5553 1001 7642 3175 8162 7558 2915 9663 3273 423 9486 
5953 9304 9928 4715 4017 622 9328 5050 296 5938 8143 5115 1685 2585 4396 3844 8935 6736 2064 5077 4022 9981 5215 1824 956 6665 4051 1892 7557 1181 8534 3902 1853 2205 7330 8743 6866 6881 8672 2325 6252 6979 6328 1876 7546 5614 4907 5632 859 8830 8727 778 8859 7850 2583 4295 9418 7329 4128 5037 4634 3352 3988 7198 2999 8104 1942 6307 8453 5459 2577 2199 8051 7187 5908 4309 2724 6195 1867 7210 8697 2559 53 0 8182 2736 8156 152 7814 9755 2239 6746 3146 5011 2762 9637 4611 4746 1576 586 
1344 4470 7236 3111 3338 7776 6093 7222 5727 5945 160 3295 7402 4168 1515 933 7012 9131 9017 1456 9527 4155 9419 8677 1715 1551 571 2014 4959 7677 2946 9511 5360 1721 6776 8287 840 391 2091 1171 6002 2047 7898 1713 3482 5982 5985 1500 1547 5035 4940 8466 498 2427 6312 8495 5669 847 7705 4788 4661 7782 2097 7773 7530 8049 4549 5936 9758 3451 7282 1730 4180 9012 8124 9502 1375 4538 3720 2041 9271 597 4535 2961 0 1450 4155 8104 9234 4479 1025 7253 3381 1638 5340 164 7349 7431 3614 240 
195 8339 5722 1947 2676 7422 8919 7612 5725 1725 2144 14 8728 3821 7781 9693 9373 7562 7092 2910 3351 7544 6376 5278 6029 2256 6304 6004 3844 4573 6510 8353 5737 165 9721 353 7142 6888 7288 1304 9806 6774 596 6756 4498 751 3651 9863 8022 59 4236 3371 3317 6086 6956 6543 6932 6334 354 5857 5482 968 5880 6450 2652 1179 5187 7727 7964 6456 2234 9228 6030 554 2612 845 7087 7545 3309 3406 6816 9687 5530 2621 3952 0 4467 7277 3941 8641 215 2223 6541 5841 226 2221 868 6709 589 2085 
1252 9878 7173 1511 7679 6260 4209 2690 7417 9331 9879 5807 3556 964 7412 1901 109 1686 1320 5012 1338 6934 7186 9746 3251 8777 2146 2318 2884 7259 2987 8903 6050 5164 4117 9062 2984 2609 6133 7419 7644 1246 3895 3999 1994 3915 6886 8151 9645 151 5524 6740 7296 8932 4037 5043 9786 8051 6076 9796 5327 4520 8228 3381 5256 6184 1491 2731 5542 9322 5971 8990 5231 8601 9859 165 416 5659 186 5963 3573 656 3607 2753 8915 1120 0 8011 3901 1430 5170 3831 4203 9092 8235 8288 2154 639 8434 2943 
2233 3697 9766 9015 2404 7291 4002 1937 767 563 8174 1719 1789 1313 877 1647 8198 9641 4253 1419 6955 7707 4245 2855 2673 6058 6298 5666 1864 1068 9447 9326 408 25 513 6280 2332 8566 5130 1384 7190 5955 4203 9356 7366 3550 8570 9123 1968 960 2486 1045 4988 6295 1935 3686 8992 8300 795 3491 5077 7620 7491 6547 2293 7728 7820 83 8732 5878 1741 3772 6083 78 4413 6147 4368 7779 6853 6125 8017 2296 251 738 3823 9833 7627 0 6661 957 2587 3462 8321 2897 2410 7789 5706 9019 8900 3661 
4492 1708 4270 707 9613 2031 5540 642 7872 2018 6321 1950 9965 6099 4705 5071 343 3483 6615 4064 9228 9123 2484 9491 7893 6469 3946 5508 9474 4392 7808 1294 2702 5561 3153 5726 3175 5462 9594 1872 8807 7730 6641 4763 2034 2448 9007 6840 7781 7870 2572 5874 5467 9242 3071 6853 6485 5673 4154 2611 7811 6259 9292 457 564 2849 1655 2685 2676 2607 5753 1372 1757 7179 2253 2136 6804 7342 6724 658 5763 331 6722 7922 4460 8109 6190 8194 0 3478 340 8419 8743 3542 6522 3028 3236 7210 589 8501 
5346 8232 9131 9584 9236 7950 5963 4254 1935 5083 6822 1504 9592 6562 2929 5083 5162 5985 3224 5932 4876 3107 9360 6077 6167 692 7962 3381 3981 5574 8251 3483 1790 5558 3148 7382 2821 4605 1845 3965 107 5796 6345 4023 7682 1081 9515 3031 265 5536 2098 1149 2247 9959 6930 993 9830 2601 9855 5900 2900 15 5246 8675 8278 2692 4953 5339 9411 9000 4590 1423 5181 7110 1848 7537 5518 9655 8331 1766 6803 1279 6774 3005 8724 4678 3148 6922 9186 0 7497 9753 5497 3298 6290 8649 9573 4433 2025 9418 
9904 5871 8974 6999 2743 9746 5063 7022 5310 7593 8083 5055 1560 8410 4069 515 6534 7314 5975 8094 5057 2048 8022 7765 6865 2186 8791 9900 1392 8556 7362 7137 5278 738 4928 5083 2506 1527 2008 3360 5716 6840 8854 1901 2413 1123 9001 7318 1139 7196 5807 2494 1230 1501 6304 477 1639 7846 8427 7454 5506 172 5387 1030 1159 4662 2592 2252 9903 173 8830 68 4969 1756 6983 7121 1780 7631 4364 1735 5825 6801 3785 504 8851 3805 8016 9154 3685 5445 0 2822 3381 7271 1597 9274 5904 1724 874 638 
7174 9617 8353 121 2233 4202 5873 9774 9242 1461 2797 174 9290 4999 4303 3671 7542 8709 2107 4706 47 729 7617 635 6975 7800 7801 1484 5414 9120 7937 6252 7351 3970 557 8649 1236 2558 6592 4588 9717 4274 6116 3371 6138 2673 66 2763 1867 2285 8352 4142 4853 248 2499 8694 5098 1693 525 820 5747 4569 6673 9470 5420 3713 6218 9125 9174 2280 66 8080 8463 8697 8752 4066 856 5669 6358 8565 9091 283 4345 3361 2078 6925 7633 6416 5630 9654 8820 0 5420 6984 7572 7515 1202 4160 5731 4096 
9801 4892 480 49 2522 2458 1329 5516 9861 9311 6650 4713 4246 3072 8713 5848 2800 3334 1897 6742 1885 5873 618 5912 9321 6291 7025 8513 306 3514 4052 8337 9177 7723 950 1403 6682 3917 7392 1030 5337 2769 6154 4410 3458 2664 420 6153 9255 127 8527 7155 8741 9113 435 6519 6274 2743 7276 3750 2039 2216 8713 3795 6247 4793 4572 1128 373 7169 3675 8249 5729 1566 7690 2430 1868 5997 6652 5796 8984 8520 5330 8624 7959 1048 2458 6613 8004 2812 5614 6022 0 2788 3319 4423 2768 8 4370 9475 
538 2536 3593 8533 2470 4802 7616 439 9753 4220 294 461 2231 1698 7073 9948 6031 4631 2084 7572 7797 5425 9067 8998 1202 707 4207 7872 5485 3724 1307 2206 306 5726 2391 6572 2784 9647 3744 1705 628 9781 8772 1380 7227 9361 8709 2949 5498 1203 6439 8697 6415 1480 5315 6105 8001 50 1150 871 5553 3715 1814 1346 4 4383 2555 2664 5860 997 1628 9150 1761 9120 2615 5294 3688 5913 3558 2019 4564 2823 520 1519 6915 284 5075 135 8984 802 9687 1870 3682 0 2363 5427 1457 5466 889 2229 
6369 6783 2958 4673 2396 6690 6512 5822 3048 565 5444 4423 1364 488 143 4352 8888 1669 7134 1821 6109 6441 6557 5098 6069 6573 6439 5244 3966 1023 1596 3194 8243 4031 7825 5930 2476 5195 9761 6414 5647 9650 7669 9804 1173 1862 4445 5183 312 6330 9851 8155 4483 900 1763 4220 4178 3976 4854 3182 2142 4413 6992 3129 1637 2553 5345 4798 4211 7171 763 3490 1297 2339 9858 7924 9311 9617 3186 6755 1822 4220 2315 3096 6202 1992 1471 8637 9243 1459 7525 4634 8498 853 0 8752 7192 5644 7758 476 
9604 9145 6292 8368 4283 8524 3511 2784 7537 6743 5290 1636 2602 2259 246 6960 6433 4664 2527 6197 7925 5981 9480 5329 4899 5197 784 189 7610 6576 8167 2194 8474 5234 8689 5134 5688 1209 353 7877 2282 7281 7501 4397 1808 5075 4426 7390 8766 153 9790 2325 1372 7157 5220 5038 549 266 8686 4533 5492 607 1890 8987 96 1412 917 6610 456 2396 9012 4567 6573 6861 442 7716 6967 4417 6898 995 3279 6534 4261 5309 4048 2636 1297 1882 4131 1631 9493 1242 8653 684 3273 0 7552 651 7340 73 
2700 6171 1362 2207 8260 9454 3126 5422 2064 2799 8732 5721 5445 3670 2370 165 7861 4564 2701 7700 8380 4501 5453 7986 5298 9476 3808 2635 1628 2189 306 281 4697 3925 6240 2447 514 9149 3283 3724 4406 7248 1157 8039 1939 1476 3306 7441 9503 9403 6827 3464 1412 1751 8713 1642 5192 8547 168 1611 698 3641 1999 7808 7531 2662 5616 8360 9253 4129 4279 6457 2132 6399 3442 3730 1664 6925 264 42 238 9216 1428 5394 1461 9874 6607 2647 2033 5386 7389 7000 742 9683 5152 5956 0 3867 1453 2200 
9495 3225 3741 8060 6172 1288 2743 4434 8614 7801 1877 8184 823 5679 5983 1526 4912 1279 4818 4211 6874 1626 3054 6551 2219 209 4377 9986 4682 8665 5440 6803 3704 671 3326 9736 8232 4567 6510 3066 990 6450 2041 8177 3606 9208 9397 4035 4829 9996 7855 9607 9826 1598 6137 932 1346 2049 8190 599 8605 3769 7710 1931 7038 3485 8522 6348 7514 2895 5465 6736 4455 1576 6732 4361 7736 2359 9400 5618 72 2924 9882 7945 465 2067 733 1812 2001 4690 2636 7585 9450 6251 4322 5865 1609 0 6159 6735 
9023 4906 8648 2486 1939 6967 1496 1173 6579 9629 9315 854 5982 5698 9262 8996 4035 6400 2207 4390 815 7650 886 4631 7482 7288 4070 7106 5937 3935 8235 2862 757 7786 2713 9163 370 9047 394 8977 1272 859 1163 2316 4044 9295 7129 1610 4330 3783 3488 3014 9719 4790 2715 6854 3670 8604 7839 4449 2084 3013 5299 1740 3564 2526 7275 8069 604 1517 871 9760 7452 2897 568 9867 4133 7707 6266 3565 8036 9669 8481 608 2457 536 2016 5398 28 2654 875 4798 154 7702 7988 8831 4270 8686 0 1319 
1947 4075 2503 9983 8081 801 3344 3800 1023 6883 9764 2329 292 7788 3345 464 8775 8965 3547 4888 8062 9834 4216 5574 2582 3986 2738 2181 854 4539 9484 308 1700 7644 320 6521 2672 2920 1357 7244 8017 5280 8415 6413 2258 1368 9390 225 6199 8953 7806 1542 4289 9488 8546 1427 6967 562 1938 2853 2387 9184 48 8934 6705 178 5387 5725 7222 3099 5889 6134 6656 1986 546 8962 7087 1601 1352 4320 2426 7795 9281 8427 1730 862 8508 5187 9836 6746 6859 6832 793 1454 5429 7912 8017 7486 8203 0 
]

